18306,116.2463484238017,39.83549378444613,1343804922000,o
18296,116.25683679260693,39.827795471872285,1343804997656,a
18294,116.25297180383589,39.833294373004755,1343805092449,a
46011,116.2531446573096,39.83348939195624,1343805126736,a
18305,116.25831740926915,39.83337800577383,1343805127000,o
18297,116.26673228144793,39.83364324644901,1343805165000,o
12389,116.27418323474042,39.834374893479975,1343805252000,o
18301,116.2755044089743,39.834469143326636,1343805276585,a
8397,116.27622320375346,39.834520366069384,1343805289960,a
8344,116.27833488460634,39.834685582697816,1343805290000,o
8396,116.28078724326463,39.83485713231989,1343805305349,a
8354,116.28128084424021,39.83313269540219,1343805319682,a
8331,116.28229393695952,39.83139447491008,1343805335174,a
8330,116.28274525588927,39.831005182065184,1343805339404,a
19719,116.28349497057859,39.830224919994734,1343805347275,a
28391,116.28393828013401,39.82979725665891,1343805351712,a
8325,116.2842485968228,39.82948768502819,1343805354883,a
38935,116.2843324158564,39.82945099091793,1343805355484,a
28390,116.28474536429522,39.82939641541384,1343805358096,a
23633,116.28624274476415,39.829241257069434,1343805367514,a
8291,116.28781407224716,39.829253550527696,1343805377309,a
17607,116.30176621604933,39.829207356926965,1343805464283,a
8365,116.3048839115698,39.82920176899139,1343805483717,a
8364,116.30797143223818,39.829220581707816,1343805502964,a
17712,116.31265356345446,39.82920549428177,1343805532151,a
17696,116.3170553665695,39.82920176899139,1343805559590,a
28393,116.31895600972226,39.82919841623005,1343805571437,a
28392,116.31939782916153,39.82919767117197,1343805574191,a
17646,116.32006745010766,39.82919655358486,1343805578365,a
23632,116.32406114766138,39.82920605307533,1343805603260,a
28394,116.32651238873257,39.829221885559456,1343805618540,a
28395,116.32776091980399,39.829229894933775,1343805619000,o
17651,116.32953732452252,39.829241257069434,1343805649946,a
9911,116.33587925886837,39.829531829719215,1343805650000,o
3116,116.33713039764308,39.82960987455271,1343805720959,a
28401,116.33862237644097,39.82965085274691,1343805721000,o
9928,116.34040027127564,39.82965029395335,1343805722662,a
9929,116.34091790037418,39.82954822099689,1343805728112,a
9925,116.33987593665442,39.82922505205627,1343805749328,a
23643,116.3398738877447,39.83054119714814,1343805759279,a
23647,116.33986215308,39.83130357782476,1343805765043,a
28658,116.33987258389307,39.83204789084303,1343805770671,a
9910,116.3398727701576,39.83224793893653,1343805772183,a
28661,116.33987165257048,39.832489151488744,1343805774006,a
28662,116.33985377117665,39.83619339397982,1343805802014,a
25815,116.33986699595751,39.83964729695724,1343805828129,a
3061,116.33985973164125,39.84099343063668,1343805838307,a
3062,116.3398494870927,39.84138067457186,1343805841235,a
3063,116.33984836950559,39.842852723066194,1343805852365,a
28670,116.3398552612928,39.842992048926476,1343805853419,a
28672,116.33995137378464,39.844735112296085,1343805872740,a
4252,116.34007412210272,39.84583109272639,1343805874927,a
4248,116.34114532935199,39.847623888722595,1343805889907,a
25817,116.34193229694513,39.848309714681875,1343805901862,a
4253,116.34281407317849,39.8488711159424,1343805903475,a
427,116.344390243539,39.84952825716574,1343805913903,a
30451,116.34808833930094,39.85055699610465,1343805956330,a
4212,116.35217535537873,39.8515412178235,1343805961687,a
7164,116.35312437310348,39.85179677274369,1343805967524,a
4213,116.3565333863318,39.85275882898477,1343805970000,o
2090,116.35749842280518,39.852303225971085,1343805999786,a
22104,116.35845544990426,39.85328651636734,1343806041823,a
22105,116.35913065878594,39.85346849680249,1343806042000,o
2089,116.35956279247021,39.8535934802948,1343806043221,a
2088,116.35956316499926,39.85235444871383,1343806047500,a
2087,116.35898276475778,39.85228981492571,1343806049343,a
2086,116.35887044725277,39.8524107005986,1343806049854,a
2085,116.3587819716062,39.85434114607441,1343806050000,o
14678,116.3586208527972,39.85729846784395,1343806106938,a
7183,116.3585729828158,39.858733822228025,1343806134558,a
14711,116.3584900951048,39.86063521043886,1343806135000,o
7188,116.35845619496233,39.86123796242262,1343806146874,a
7176,116.35830997731485,39.86399653995029,1343806201212,a
7174,116.35825558807527,39.86527152058344,1343806226318,a
7172,116.358204179068,39.866771322491125,1343806255846,a
7666,116.35818033720956,39.86750408710921,1343806256000,o
22146,116.35813600625401,39.868237410520855,1343806307000,o
22150,116.35813079084748,39.8683579236647,1343806310794,a
22154,116.35811737980211,39.86877161716159,1343806323815,a
1996,116.3581143995698,39.86894949977732,1343806329413,a
24313,116.35806578453033,39.86938498622295,1343806343167,a
27243,116.35805926527216,39.870970842338444,1343806393071,a
27244,116.35790131295997,39.87440760898011,1343806501286,a
27245,116.35782662088782,39.876772423314435,1343806575724,a
27246,116.35774187053163,39.878738817842425,1343806637636,a
27247,116.35769493187281,39.87982287734351,1343806671768,a
27250,116.3576625218465,39.881089848602336,1343806712454,a
27251,116.35765972787871,39.881163795616416,1343806724861,a
27263,116.35763365084604,39.88185018036925,1343806735580,a
27265,116.35762918049758,39.8819531846483,1343806738822,a
27266,116.35760328972943,39.88294169045109,1343806769934,a
27268,116.35755728239322,39.88313354290575,1343806837368,a
27269,116.35750624591499,39.88632015629828,1343806920492,a
27271,116.35747085565636,39.887888131019956,1343806925773,a
22393,116.35749469751481,39.88804775971281,1343806930829,a
2017,116.357316069841,39.888047387183775,1343806935141,a
16262,116.35456568795217,39.8880818461198,1343807001559,a
925,116.35254807068142,39.88809711981037,1343807050277,a
16258,116.35134983103015,39.88812189299141,1343807093819,a
24130,116.35018828548912,39.8882779826584,1343807108062,a
24269,116.34999233521503,39.8882818942133,1343807112794,a
2016,116.34703352332936,39.8883346070722,1343807184254,a
13354,116.34455899919328,39.88838191826005,1343807244020,a
13504,116.34447853292104,39.888453071306344,1343807254115,a
17125,116.34400355839738,39.88850708801688,1343807266884,a
17141,116.34217965622648,39.88834075380133,1343807305544,a
16254,116.34170579928993,39.88859425981181,1343807320561,a
16259,116.34154821950678,39.88854862500463,1343807324000,o
42735,116.34114290791324,39.88848007966161,1343807328552,a
14802,116.34007356330916,39.88851621497831,1343807346177,a
37195,116.33961945041163,39.8883629192791,1343807354346,a
37196,116.3395097406099,39.88836627204045,1343807356153,a
37198,116.33914652479767,39.88847877580998,1343807362602,a
37201,116.33856277179486,39.888489392887564,1343807430479,a
37203,116.33499282602205,39.88865777601282,1343807436249,a
35162,116.33656694747285,39.88873973240121,1343807460701,a
35115,116.33652205772374,39.888614190115355,1343807463494,a
35110,116.33650175489116,39.88818149763751,1343807472785,a
37190,116.33649951971694,39.88811611879132,1343807474188,a
7828,116.33656247712439,39.88677948460235,1343807502945,a
14818,116.33656713373736,39.886065160171654,1343807552186,a
42720,116.33686292179368,39.883005020387586,1343807584136,a
3803,116.33552088593366,39.882300754240916,1343807613362,a
14869,116.33552833651441,39.88077766926835,1343807703847,a
7820,116.33533424888553,39.87609144023265,1343807751347,a
7821,116.33275336770907,39.87603071799943,1343807826029,a
42721,116.33067893976,39.87593441924306,1343807828151,a
7822,116.33030082278626,39.8759299488946,1343807834379,a
36346,116.33021942519142,39.875925478546144,1343807835000,o
36345,116.32822788495335,39.875917655436346,1343807854943,a
8459,116.32069665165312,39.875720215046115,1343807930283,a
14899,116.32071211160822,39.87585078647399,1343807965790,a
14836,116.32060128421935,39.88028835237671,1343807989730,a
36348,116.32059718639994,39.88044518710178,1343808026346,a
42724,116.32058154018033,39.88318197168071,1343808027378,a
35109,116.32047276170118,39.886717458517495,1343808073388,a
35113,116.32041092188085,39.88856240857905,1343808196000,o
35116,116.32040328503557,39.88867174585175,1343808199177,a
6325,116.3202777427497,39.888670069471075,1343808201972,a
6326,116.31962060152637,39.88866951067752,1343808216605,a
6327,116.31882320312016,39.88863747318024,1343808234385,a
6328,116.31848252531475,39.8886253659865,1343808317729,a
23750,116.3150615911572,39.887953323601636,1343808320905,a
6324,116.31038877316688,39.886016172603135,1343808321000,o
6323,116.30570869086031,39.88402668127477,1343808380857,a
24764,116.30515772041286,39.88378341981284,1343808387962,a
6319,116.3035839714911,39.88309722132453,1343808408194,a
9205,116.303016982295,39.882844460372134,1343808415523,a
32776,116.30180719424354,39.88229293113112,1343808431252,a
32775,116.30119065868536,39.88217446689698,1343808438356,a
34493,116.30071903692303,39.88195765499676,1343808439000,o
8470,116.29670261509797,39.880319831080435,1343808573674,a
9181,116.29575359737322,39.88004993379228,1343808676384,a
8479,116.29313639461554,39.87942315368555,1343808790609,a
24758,116.2923738276744,39.879268181605674,1343808836179,a
17386,116.29004477612774,39.878954698420046,1343808972882,a
17389,116.29008556805742,39.8787766295398,1343809071482,a
28369,116.29114112908708,39.87788144226107,1343809114431,a
28370,116.29196348693885,39.878117253142236,1343809165146,a
28371,116.29535964791536,39.87915288386836,1343809166000,o
24761,116.299723266804,39.88098144265223,1343809183047,a
24762,116.30056536869478,39.88157767537783,1343809218829,a
9206,116.30310638926416,39.88272879010578,1343809310980,a
9193,116.30385740780511,39.88305661565937,1343809337962,a
24763,116.30489415611835,39.883537178118615,1343809394259,a
687,116.30578468678411,39.8839225594086,1343809407715,a
926,116.30892473404687,39.88534506154087,1343809408000,o
6324,116.31038877316688,39.886016172603135,1343809408777,a
6323,116.30570869086031,39.88402668127477,1343809439848,a
24764,116.30515772041286,39.88378341981284,1343809443536,a
6319,116.3035839714911,39.88309722132453,1343809454038,a
22158,116.3035059266576,39.883936529247535,1343809461902,a
9195,116.30370932751244,39.88436326126076,1343809463864,a
9196,116.3038894453024,39.884417277971295,1343809469226,a
9192,116.30457135970677,39.8821619871742,1343809483711,a
9190,116.30407999390542,39.88196007643551,1343809487396,a
9191,116.30396506869715,39.88214522336748,1343809488946,a
9193,116.30385740780511,39.88305661565937,1343809495865,a
24763,116.30489415611835,39.883537178118615,1343809506324,a
687,116.30578468678411,39.8839225594086,1343809508824,a
926,116.30892473404687,39.88534506154087,1343809539627,a
23748,116.31130836109762,39.886242297729304,1343809569333,a
3808,116.31503327895031,39.88782889890288,1343809570130,a
23749,116.31514950801021,39.88786689686478,1343809570862,a
23504,116.3181688558646,39.88848529506814,1343809589045,a
919,116.32028500706595,39.88856073219837,1343809601344,a
35113,116.32041092188085,39.88856240857905,1343809602074,a
35114,116.32187589232346,39.88858084876644,1343809625671,a
43082,116.32465905676766,39.888584574056814,1343809626726,a
43081,116.32499079387614,39.888576005888936,1343809628651,a
42736,116.32983162246268,39.888491069268234,1343809656746,a
3810,116.3341121673758,39.88839346666023,1343809659000,o
37197,116.3343844861027,39.88838452596332,1343809680999,a
37192,116.33909586084849,39.888232720380266,1343809685000,o
3811,116.34067109988639,39.88818205643107,1343809715669,a
17126,116.34191534687389,39.88812431443016,1343809739917,a
17147,116.34192931671282,39.88679587588003,1343809772000,o
16257,116.34257882109088,39.88549593580132,1343809803633,a
17151,116.34258645793616,39.88524652761027,1343809809236,a
23923,116.34255777320023,39.88433215508607,1343809829780,a
7834,116.3423584701648,39.88391529509236,1343809839753,a
17130,116.34244173040483,39.881905873460454,1343809884910,a
25704,116.34293849787724,39.881913324041214,1343809893473,a
25705,116.34318902365541,39.88193232302216,1343809897811,a
7190,116.3438955249763,39.88192524497044,1343809909989,a
27256,116.34414493316736,39.881873649698655,1343809929334,a
27264,116.34738407315427,39.8818594935952,1343809970273,a
5106,116.34737774016062,39.88198373202943,1343809973065,a
13568,116.34584459690403,39.88196007643551,1343809999495,a
7190,116.3438955249763,39.88192524497044,1343810033252,a
25705,116.34318902365541,39.88193232302216,1343810045430,a
25704,116.34293849787724,39.881913324041214,1343810049768,a
17130,116.34244173040483,39.881905873460454,1343810058331,a
25703,116.34244601448877,39.8817775372068,1343810061214,a
14925,116.34262743613036,39.87889378992231,1343810126091,a
17140,116.34286455086315,39.87627938113241,1343810204699,a
19767,116.3429489286903,39.87436700331495,1343810227949,a
17127,116.34282189628829,39.873634238696866,1343810244570,a
17136,116.34295023254194,39.873120334888704,1343810256322,a
17152,116.34285169861134,39.872384590038315,1343810257000,o
17148,116.3426130937624,39.870430675233095,1343810266006,a
1949,116.34254492094841,39.86947159922432,1343810273909,a
1950,116.34248177727643,39.868857298840375,1343810278979,a
1958,116.34238212575873,39.86725691409238,1343810292162,a
1964,116.34222622235625,39.865669940389765,1343810305257,a
1989,116.34215376545832,39.86477978225305,1343810312595,a
1951,116.34192745406763,39.86311793021376,1343810326343,a
1968,116.34165401775361,39.8603526471634,1343810349162,a
1987,116.34156256187474,39.85947683139466,1343810356391,a
28120,116.3412449808697,39.85702335514925,1343810376678,a
28119,116.34104865806658,39.856757928209554,1343810378000,o
14658,116.34098774956884,39.856419299313856,1343810385298,a
14727,116.34091082232246,39.85613133436735,1343810410819,a
4218,116.34012907013586,39.85083527529616,1343810505599,a
4217,116.33862312149904,39.84913821926277,1343810506000,o
4220,116.33802279095403,39.84854478050496,1343810516443,a
4221,116.33758097151475,39.84825793314557,1343810554278,a
14652,116.33412203939533,39.847814996119176,1343810560511,a
4222,116.33209604022122,39.8478151823837,1343810582130,a
1653,116.33144504572701,39.84766877847169,1343810589368,a
25823,116.32782462226953,39.84767827796217,1343810628002,a
1654,116.32681562736964,39.84768312083967,1343810638769,a
1655,116.32473728786567,39.847685728542935,1343810669293,a
1656,116.32299832231547,39.847844425913195,1343810670000,o
28678,116.31616893372318,39.8509429361882,1343810745000,o
1657,116.31290595187782,39.854501147296304,1343810846814,a
22113,116.3127526561786,39.85488652858629,1343810862943,a
28109,116.31122267941883,39.856596995665065,1343810863000,o
8448,116.31114891866928,39.85669720597633,1343810907997,a
28111,116.31083189645778,39.85704365798183,1343810908000,o
22124,116.30918308293484,39.85884558093948,1343810933464,a
22126,116.30875355695382,39.85912963433108,1343810938496,a
4333,116.30695014388003,39.86284728786753,1343810984681,a
22515,116.30688755900161,39.863257814867595,1343810985000,o
1651,116.30661076992625,39.865596552169244,1343810993020,a
1650,116.30648951172432,39.86663181036633,1343811007005,a
22528,116.3063993596971,39.867291373028415,1343811015927,a
3088,116.30618813573244,39.86928458964716,1343811042833,a
34498,116.306027575717,39.870596264390564,1343811109252,a
25825,116.3053113886411,39.877188538250074,1343811149562,a
25830,116.3050927140957,39.87913556126808,1343811194139,a
9183,116.30481164093639,39.8814778375956,1343811207502,a
9185,116.30468814756024,39.88260287529088,1343811222692,a
9188,116.30448046262146,39.88466184328486,1343811250477,a
9187,116.30442737723352,39.88552182656948,1343811262060,a
22178,116.30442048544631,39.88576005888939,1343811265266,a
28465,116.30440185899441,39.88878927876329,1343811306023,a
24771,116.30438081110375,39.892207605217564,1343811307000,o
28468,116.30437410558106,39.89385306597918,1343811358000,o
22179,116.30437261546491,39.894279984256926,1343811363364,a
27375,116.3043705665552,39.89508539203745,1343811373483,a
22200,116.30437522316818,39.896253270572124,1343811388157,a
22205,116.30437429184558,39.89652614809258,1343811391585,a
9164,116.30437131161328,39.89800117681923,1343811410118,a
1648,116.3043569692453,39.89953785910169,1343811429426,a
30461,116.30434393072898,39.9016087480249,1343811464719,a
18772,116.30433946038052,39.902480093445185,1343811466394,a
6495,116.30433592135465,39.90505110260214,1343811498698,a
6483,116.30434840107743,39.90731514783163,1343811499000,o
9180,116.30587334869519,39.90729894281847,1343811537506,a
6484,116.30609351335674,39.90623816638227,1343811555794,a
18765,116.30560848054905,39.906237607588714,1343811563571,a
18773,116.3040319376595,39.90623835264679,1343811608034,a
6487,116.3023427047359,39.90623984276294,1343811615940,a
6490,116.30110832976791,39.906259959331,1343811635738,a
18771,116.30024145469609,39.90626275329879,1343811649639,a
525,116.29952806158799,39.90626144944716,1343811661078,a
16311,116.29952973796867,39.90637711971351,1343811665871,a
45513,116.29838868152474,39.90648198663776,1343811684196,a
25573,116.29842071902202,39.90738127173591,1343811703002,a
45514,116.29845666807421,39.90750141235072,1343811794761,a
6482,116.303709886306,39.911167470615375,1343811795000,o
7645,116.30461513186876,39.91087894687531,1343811834965,a
30445,116.30574575749961,39.910509956863,1343811835000,o
30443,116.31490326631598,39.90974534101215,1343811949734,a
30444,116.31561796327571,39.9097604284382,1343811957000,o
25,116.31929817764383,39.90969262815325,1343812053707,a
14892,116.3201596510446,39.90968089348855,1343812076341,a
14951,116.32202155117739,39.90965835548174,1343812125259,a
14876,116.32253079837257,39.90964941478482,1343812138640,a
35,116.3227945489316,39.90963283724262,1343812145591,a
14937,116.32438599298267,39.90961272067456,1343812187404,a
30442,116.32720212624673,39.909526666466746,1343812270685,a
14979,116.32784734654085,39.90963414109426,1343812278963,a
22176,116.32832641888395,39.90976229108339,1343812292291,a
26,116.32852330048061,39.909811092387386,1343812297726,a
22175,116.32872726012901,39.90932587331517,1343812339148,a
1113,116.32929331800253,39.90873373840899,1343812347074,a
18784,116.32900851955284,39.90935008770265,1343812448522,a
18791,116.32842476655001,39.911051427819984,1343812467538,a
7545,116.33587367093281,39.90603457926291,1343812469000,o
18778,116.33667218692614,39.90588798908639,1343812511160,a
4004,116.33758506933417,39.90588146982822,1343812558037,a
3865,116.33772048363954,39.905879234653995,1343812564991,a
7542,116.33939388407902,39.9058626571118,1343812565000,o
3856,116.34647156327527,39.90579914091079,1343812641033,a
18796,116.34971200711381,39.90576579956187,1343812679456,a
3857,116.35009031035207,39.90576300559408,1343812683941,a
3858,116.35075974503367,39.90576300559408,1343812684000,o
3859,116.35103876928326,39.905760956684375,1343812687998,a
5925,116.35146140347707,39.90575816271659,1343812741563,a
3860,116.35701618396527,39.905721096077286,1343812773659,a
22426,116.35716817581284,39.90572128234181,1343812775836,a
13277,116.3597637718863,39.90571476308364,1343812813031,a
3861,116.3621896809829,39.90570358721249,1343812847794,a
13131,116.36353972621724,39.90568775472837,1343812867142,a
8190,116.36572665793582,39.90568719593482,1343812898480,a
3862,116.36782325136267,39.90566987333454,1343812928525,a
5109,116.36797338056505,39.90567210850877,1343812930676,a
5929,116.37011467747647,39.905656276024644,1343812961362,a
5930,116.37071742946023,39.905640257276005,1343812986430,a
38569,116.37386567236183,39.90562088576602,1343813015120,a
5030,116.37541464810255,39.905628150082265,1343813037317,a
3863,116.376580291463,39.905641374863116,1343813054022,a
8193,116.37657656617262,39.905077365899324,1343813064558,a
13040,116.37663319058642,39.904507210206404,1343813079391,a
8192,116.37757531652396,39.90378487640138,1343813094371,a
14,116.37777666846908,39.90293942174925,1343813110596,a
13,116.37774239579757,39.90245215376732,1343813119711,a
12,116.37778523663697,39.90218877573733,1343813124669,a
5031,116.37779864768234,39.90173447657528,1343813133157,a
11,116.37793592463291,39.90047979877472,1343813156677,a
4367,116.3779543648203,39.90006070360677,1343813164510,a
4365,116.37797504018191,39.89967327340707,1343813171753,a
22418,116.37798714737565,39.89892188233708,1343813185790,a
9,116.3779916177241,39.898747352482694,1343813189050,a
3783,116.37793853233617,39.898621996461344,1343813191512,a
24266,116.37794486532982,39.89845100563282,1343813194707,a
4361,116.3780208612536,39.897341241628105,1343813215466,a
13502,116.37816894154628,39.89507719639861,1343813257813,a
2698,116.37831329654857,39.894106758254175,1343813276059,a
13378,116.37839525293697,39.89296067266823,1343813297500,a
13514,116.3784179772083,39.892511961441755,1343813305888,a
4498,116.37846268069288,39.89109039063209,1343813332451,a
4459,116.37845001470558,39.890199673701815,1343813349091,a
13638,116.37845765155086,39.88997597001439,1343813353271,a
13423,116.37846957248009,39.889169817175784,1343813368331,a
24131,116.37847758185441,39.88833293069153,1343813383965,a
624,116.37847739558988,39.88815653819196,1343813387259,a
623,116.37667677648388,39.88808445382307,1343813413103,a
24258,116.37626084781276,39.888193232302214,1343813419401,a
13499,116.37525036279672,39.88814908761119,1343813433908,a
4502,116.37431997152387,39.88810829568151,1343813447265,a
9129,116.37367586881687,39.88807774830038,1343813456514,a
24124,116.37088413620481,39.888084267558554,1343813496529,a
38568,116.3699608229837,39.88812822598506,1343813512798,a
13371,116.36837869215859,39.88810531544921,1343813532470,a
24127,116.36815722364538,39.888103825333054,1343813535644,a
3505,116.36815424341309,39.8879637544147,1343813538260,a
24122,116.36682040319191,39.887965430795376,1343813557378,a
6450,116.36495682667844,39.88795518624682,1343813584090,a
27302,116.36401861229581,39.887941216407896,1343813629130,a
622,116.36173147026594,39.887907688794456,1343813630328,a
22393,116.35749469751481,39.88804775971281,1343813691113,a
24128,116.35750494206336,39.88817274320512,1343813693452,a
22394,116.35744366103657,39.88898653288901,1343813708679,a
22395,116.35742205435236,39.88947938880651,1343813768117,a
22396,116.35725534760778,39.8931672400199,1343813776000,o
22397,116.35726130807238,39.894861688350026,1343813841331,a
30516,116.35726019048528,39.8949501639966,1343813847902,a
22398,116.35725143605288,39.89559575681975,1343813895857,a
22399,116.35725255364,39.89612493431847,1343813896000,o
22400,116.35723318213,39.897827205758404,1343813914916,a
22401,116.35724528932374,39.89796615908964,1343813920521,a
22404,116.35725963169172,39.89809077005291,1343813925556,a
912,116.35711527668943,39.89808518211734,1343813930019,a
911,116.35484806496311,39.8980486742716,1343814000052,a
3817,116.35423748986953,39.8980808980334,1343814018951,a
13183,116.35331995084852,39.8982438794876,1343814019000,o
24773,116.35118591825335,39.90019313767984,1343814023151,a
3818,116.35060570427639,39.9015960820376,1343814045052,a
17170,116.35056304970152,39.90256856909175,1343814062727,a
20480,116.35050772913935,39.904322994597024,1343814091454,a
22573,116.35045930036439,39.905823169033745,1343814092000,o
20482,116.35037324615656,39.907061269292115,1343814109095,a
529,116.35047364273235,39.909142589028384,1343814137827,a
6222,116.35054796227547,39.90961085802937,1343814138000,o
22566,116.35049245544879,39.9145921300633,1343814184725,a
6224,116.35031662174276,39.91841260161428,1343814241260,a
24307,116.3502495665159,39.919659828834085,1343814259720,a
18574,116.35024435110937,39.92011785328651,1343814266493,a
40,116.35017021783077,39.92228112941119,1343814298496,a
18569,116.35008192844872,39.92424081841649,1343814341752,a
41,116.34992285854942,39.927742777639835,1343814379316,a
18566,116.34980569816692,39.93025641732491,1343814381000,o
18557,116.34974255449494,39.93181116726572,1343814408847,a
18562,116.34962762928667,39.93462022247807,1343814472434,a
3135,116.3496045324863,39.93625450736853,1343814488422,a
11571,116.34975801445003,39.936453251610395,1343814492556,a
40376,116.34973827041101,39.9370895312076,1343814503950,a
11286,116.3487914878605,39.93939399583773,1343814504000,o
513,116.34783650967114,39.93908274782634,1343814513042,a
18339,116.34647975891411,39.93895664674692,1343814524810,a
512,116.34513269391208,39.938797763112134,1343814536545,a
11623,116.34395531588693,39.93860181283806,1343814546919,a
11621,116.33863858145412,39.93728604027523,1343814595250,a
18311,116.33784565339637,39.93720743664818,1343814596000,o
1388,116.32959115496854,39.93686638631373,1343814596401,a
23568,116.32880288352376,39.936872905571896,1343814598494,a
18315,116.32368135430697,39.93735365429566,1343814598943,a
28707,116.32342933841264,39.93736985930882,1343814599522,a
15308,116.32105912240726,39.937567858492606,1343814600067,a
15309,116.32100529196126,39.93714745947303,1343814600301,a
15307,116.32252521043699,39.937026573800146,1343814600952,a
23757,116.32299441076057,39.9369949088319,1343814601436,a
26723,116.32454860190784,39.93700831987727,1343814601817,a
26722,116.32623597218624,39.93685800441037,1343814602541,a
18333,116.33056159311298,39.93675649024747,1343814604388,a
11620,116.33784788857061,39.9370759338977,1343814607499,a
4411,116.3439160140734,39.93847682934575,1343814610213,a
23574,116.3451738583708,39.93865899604542,1343814610758,a
11583,116.3456998693727,39.93872791391748,1343814610985,a
11584,116.34650378703707,39.938827379170675,1343814611332,a
11624,116.34791008415617,39.938969312734216,1343814612364,a
11604,116.34989883042645,39.93905816090982,1343814612785,a
2300,116.35168845992584,39.939063376316355,1343814613547,a
804,116.3525165919777,39.93911720676237,1343814613902,a
13328,116.35230834824536,39.93917569382136,1343814614413,a
803,116.35110265801332,39.939197859299135,1343814614510,a
11603,116.3499012518652,39.93918016416982,1343814615022,a
11602,116.34890492295261,39.93914626402735,1343814615447,a
513,116.34783650967114,39.93908274782634,1343814615903,a
18339,116.34647975891411,39.93895664674692,1343814616485,a
512,116.34513269391208,39.938797763112134,1343814617065,a
11623,116.34395531588693,39.93860181283806,1343814617578,a
11621,116.33863858145412,39.93728604027523,1343814619970,a
18311,116.33784565339637,39.93720743664818,1343814623000,o
1388,116.32959115496854,39.93686638631373,1343814630780,a
23568,116.32880288352376,39.936872905571896,1343814671395,a
18315,116.32368135430697,39.93735365429566,1343814680119,a
28707,116.32342933841264,39.93736985930882,1343814691351,a
15308,116.32105912240726,39.937567858492606,1343814701927,a
15711,116.31965841322373,39.93768464634608,1343814713579,a
3438,116.31948742239521,39.93924666060314,1343814730504,a
23569,116.31944569914295,39.93958026035682,1343814741532,a
3439,116.31934343992197,39.94046278164825,1343814743675,a
31065,116.3193272349088,39.940565785927305,1343814744793,a
23863,116.31904392657528,39.942587687281986,1343814745000,o
23866,116.31885691699812,39.94392730170326,1343814804324,a
25678,116.31866320189826,39.945233574775614,1343814862213,a
7133,116.31865034964645,39.94531404104786,1343814865782,a
3679,116.31801090355242,39.95024632551326,1343814866000,o
23570,116.31800531561684,39.95030183233995,1343814961633,a
7145,116.31727739387625,39.95553009112619,1343814962924,a
32576,116.3167634900681,39.959549865712596,1343815090203,a
7281,116.31623114607255,39.9628758049654,1343815097713,a
32577,116.31617079636837,39.9631538978924,1343815102853,a
9094,116.3158861841832,39.96410421946878,1343815120643,a
2419,116.31532739062594,39.96548257691002,1343815146964,a
28472,116.31527579535415,39.965609236782996,1343815149383,a
801,116.31517446745578,39.965858086180496,1343815154136,a
7327,116.31515639979742,39.96590316219412,1343815178727,a
7330,116.31451713996792,39.967491439748365,1343815204740,a
28520,116.31391178028089,39.96894188155849,1343815213075,a
802,116.31355210349453,39.96980186484311,1343815229543,a
7312,116.31300076051804,39.97124392474988,1343815230000,o
28194,116.3125544707303,39.97224528280449,1343815350903,a
25865,116.31159986506998,39.974596686093435,1343815351000,o
25866,116.31157006274692,39.974674730926935,1343815352844,a
25867,116.31174142610449,39.97467305454626,1343815355823,a
25870,116.31333734050402,39.974712170095266,1343815483336,a
6868,116.31906832722727,39.97493177596327,1343815485048,a
25875,116.3190636706143,39.97500684056446,1343815486752,a
27466,116.31901188907798,39.97602496242579,1343815509864,a
46261,116.31899587032935,39.97632913238546,1343815531704,a
6871,116.31881966409429,39.97969474598083,1343815593174,a
9073,116.3213843402576,39.97966084583836,1343815637759,a
6870,116.3272749556737,39.9797783787499,1343815740188,a
25892,116.32738094018507,39.97770395080084,1343815842596,a
799,116.32751076655487,39.97519142870288,1343815844317,a
25879,116.32751467810976,39.97510276679179,1343815846329,a
25873,116.3275180308711,39.975026770868006,1343815848053,a
37226,116.32757372396232,39.97417926730616,1343815920221,a
37224,116.32769665854491,39.97179079737792,1343815921523,a
7321,116.32778383033984,39.97022990070797,1343815956962,a
3978,116.32795873272326,39.96641408576997,1343815957000,o
37475,116.32799673068516,39.96620807721186,1343815961256,a
379,116.32803137588571,39.96599554939558,1343815965637,a
42739,116.32803882646647,39.96591843588468,1343815967219,a
7273,116.3283932878463,39.962206742812846,1343816043362,a
7276,116.3285553379779,39.96053539128308,1343816077651,a
1385,116.32900777449476,39.95627459040898,1343816078000,o
23573,116.32902044048205,39.9561684196331,1343816084697,a
7300,116.32924861451794,39.95435830103662,1343816198947,a
3680,116.32982175044317,39.95092805365312,1343816321000,o
14506,116.33004992447906,39.95025098212624,1343816358648,a
7132,116.3311678841226,39.94858000312552,1343816363585,a
7135,116.33137910808725,39.94834605488955,1343816419259,a
35371,116.33565723156163,39.94580130902979,1343816436641,a
21500,116.33727549770344,39.945093876386295,1343816460231,a
35366,116.3376798779744,39.944924748202965,1343816474255,a
21496,116.34378208988417,39.94286838791225,1343816550167,a
37617,116.34391713166052,39.942819772872774,1343816552049,a
39394,116.34414418810928,39.94272291532285,1343816565871,a
21494,116.34500435765842,39.94219038506278,1343816569437,a
21492,116.34530741003098,39.94167256969972,1343816578792,a
39387,116.34532734033452,39.941615759021396,1343816579760,a
23278,116.34543965783953,39.94115959721415,1343816587416,a
21491,116.34544654962673,39.94107466059345,1343816588816,a
21490,116.34580399123887,39.939030593761,1343816691000,o
24309,116.3459284159376,39.93858821552816,1343816701718,a
2314,116.34607128082375,39.93859995019287,1343816704327,a
2297,116.34736917199274,39.938681906581266,1343816727975,a
11589,116.34799576583495,39.93871841442701,1343816748408,a
11590,116.34880303626068,39.938334895782205,1343816757242,a
11591,116.34901351516724,39.93811882894007,1343816768873,a
22567,116.34913253819494,39.93775281916006,1343816772708,a
18337,116.34914483165319,39.937442502471264,1343816780060,a
1254,116.34925137495811,39.93637557930594,1343816805483,a
4063,116.34934525227574,39.93381760866532,1343816806000,o
22442,116.34945607966459,39.93121847356599,1343816927000,o
4064,116.34945756978074,39.93108920598974,1343816930967,a
4065,116.34946427530343,39.930954350477926,1343816935108,a
22430,116.34946837312285,39.93082489663716,1343816939081,a
22428,116.34952872282703,39.92962628445684,1343816975893,a
18567,116.34959596431842,39.928361548372244,1343817014739,a
18568,116.3497831601601,39.92773812102686,1343817034372,a
23925,116.34983047134796,39.92629699244269,1343817078613,a
18572,116.34994409270459,39.92337729610601,1343817168257,a
3256,116.35001692213156,39.92228019808859,1343817173000,o
18560,116.3500534299773,39.921158326890136,1343817208563,a
31028,116.35011377968148,39.919796546991094,1343817251743,a
6223,116.35019368716017,39.918403102123804,1343817295944,a
22565,116.3503715697759,39.91458132672119,1343817296000,o
6221,116.35046488829997,39.91143084864537,1343817371687,a
3257,116.35034698285938,39.90919902717767,1343817425403,a
20483,116.35024230219966,39.90837517920975,1343817476917,a
22572,116.3503607664338,39.90581851242077,1343817506746,a
20481,116.35040397980222,39.90473761941651,1343817532719,a
17174,116.35043955632537,39.90277811667572,1343817533000,o
17171,116.35045501628045,39.9016623922064,1343817547764,a
6464,116.35053976663663,39.900279191887655,1343817566088,a
3258,116.34701210290966,39.896999073706546,1343817633180,a
3259,116.3449143918957,39.89690463759537,1343817654511,a
913,116.34249183556047,39.8943939781426,1343817655000,o
14935,116.34247004261174,39.892985259584755,1343817674111,a
14815,116.34243316223696,39.89210683611274,1343817686033,a
914,116.34243502488215,39.891304967358074,1343817696910,a
16252,116.34249202182498,39.89046584569959,1343817708308,a
16265,116.34255199900014,39.88916851332415,1343817725918,a
6473,116.34256000837445,39.88818727183761,1343817739229,a
16269,116.34258161505866,39.88701678559967,1343817755109,a
16257,116.34257882109088,39.88549593580132,1343817775740,a
17151,116.34258645793616,39.88524652761027,1343817776000,o
23923,116.34255777320023,39.88433215508607,1343817788814,a
17138,116.34300685695574,39.87655337623998,1343817897936,a
1948,116.34305211923387,39.875926223604225,1343817906736,a
17142,116.34309663645394,39.875479561287456,1343817913012,a
17122,116.34310278318307,39.875317697420364,1343817915280,a
17136,116.34307707867944,39.874693897545946,1343817946157,a
17152,116.34285169861134,39.872384590038315,1343817968681,a
17148,116.3426130937624,39.870430675233095,1343817984016,a
1949,116.34254492094841,39.86947159922432,1343817997473,a
1950,116.34248177727643,39.868857298840375,1343818006106,a
1958,116.34238212575873,39.86725691409238,1343818028553,a
1964,116.34222622235625,39.865669940389765,1343818050850,a
1989,116.34215376545832,39.86477978225305,1343818063345,a
1951,116.34192745406763,39.86311793021376,1343818086755,a
1968,116.34165401775361,39.8603526471634,1343818125609,a
1987,116.34156256187474,39.85947683139466,1343818137918,a
28120,116.3412449808697,39.85702335514925,1343818139000,o
4258,116.34056343899437,39.851761196220544,1343818183688,a
3251,116.3403363825456,39.84955209902418,1343818202414,a
25818,116.34029614940948,39.849270094542284,1343818204811,a
4254,116.34010392442578,39.84770863907878,1343818218065,a
4350,116.34001395866306,39.84697196290579,1343818224317,a
3252,116.33998974427558,39.84670225188216,1343818226601,a
28674,116.33989400431277,39.84582736743601,1343818234020,a
28673,116.3398640157252,39.845552254741314,1343818236353,a
3253,116.33976436420748,39.84476212065135,1343818243061,a
28671,116.33967607482543,39.8429952154233,1343818258003,a
28669,116.3396648989543,39.84285495824042,1343818259190,a
3254,116.33963528289576,39.84126537683454,1343818272624,a
3255,116.33963938071518,39.840873662550905,1343818275934,a
28665,116.33964254721201,39.83964897333791,1343818286283,a
28664,116.33964478238623,39.8373340778947,1343818305845,a
9918,116.33965279176056,39.834752451660165,1343818327661,a
28659,116.33952594562305,39.83384217695539,1343818346883,a
9919,116.33948086960943,39.83224477243971,1343818348899,a
28655,116.33947937949328,39.83204342049457,1343818350600,a
23646,116.33947453661578,39.83130357782476,1343818356852,a
9923,116.3394668997705,39.830555166987075,1343818363176,a
9924,116.3393877373499,39.830108318405784,1343818381230,a
9926,116.33949372186125,39.82829056296402,1343818393057,a
9927,116.34134574997452,39.82807971152842,1343818396236,a
9903,116.34201220442382,39.828597154362434,1343818402386,a
9904,116.34268126657638,39.829106774086654,1343818408501,a
9905,116.34301728776882,39.82927962756037,1343818428136,a
28400,116.34635775565411,39.82964116699191,1343818433222,a
17573,116.35303217216654,39.829644892282296,1343818476537,a
23638,116.35566520740834,39.82963054991433,1343818493625,a
17596,116.35688505374384,39.82965401924373,1343818501544,a
51695,116.35839025732257,39.829641539520956,1343818504000,o
3117,116.36203154240619,39.82975180811625,1343818563746,a
23640,116.36569406164499,39.82986207671155,1343818623840,a
51696,116.36692359373548,39.82988424218932,1343818668617,a
17594,116.37290603755949,39.830059330837265,1343818742158,a
17599,116.3731587985119,39.83006696768255,1343818746305,a
17568,116.3772469321768,39.8301982841685,1343818813389,a
17592,116.38032141432885,39.83030184724112,1343818863844,a
17597,116.38140398371378,39.8303290418609,1343818881602,a
17585,116.38685184836801,39.83046594628243,1343818970968,a
17604,116.38775131973068,39.83031916984139,1343818986044,a
4125,116.39371942118673,39.8304929546377,1343818994000,o
17569,116.39387867735056,39.83029514171843,1343819002725,a
4124,116.3958778544339,39.83012098439308,1343819017838,a
4123,116.39657932661278,39.830609369962126,1343819027415,a
4122,116.39656926832876,39.83108229557609,1343819033568,a
17581,116.39624442300747,39.831296872302076,1343819044919,a
17570,116.39449670302488,39.83140602331026,1343819055720,a
4121,116.39370694146395,39.83100033918769,1343819065460,a
17600,116.39103758464093,39.83091465750891,1343819106058,a
17588,116.38906169062246,39.830681454331014,1343819112354,a
32102,116.38856753085332,39.83066953340179,1343819117293,a
32101,116.38553663459875,39.830597076503864,1343819147588,a
17574,116.38139671939753,39.83049779751519,1343819188969,a
17579,116.38031787530298,39.83047395565675,1343819199751,a
17578,116.3773825327467,39.830369833790584,1343819229108,a
17577,116.3764690915451,39.83051959046393,1343819230000,o
7151,116.37299525826414,39.830398332262,1343819334820,a
51698,116.36915038606115,39.830308180234766,1343819352000,o
10194,116.36394522407528,39.8301494828645,1343819447697,a
25608,116.36411938140063,39.830715540738005,1343819473000,o
25609,116.36483296077326,39.838542375830016,1343819678547,a
23654,116.36497750204006,39.842465479131015,1343819836524,a
23656,116.36502388190532,39.844472479324175,1343819837000,o
23659,116.36502388190532,39.84458069900976,1343819838131,a
23658,116.36490579020021,39.84457939515813,1343819839078,a
23655,116.36490634899377,39.84447136173706,1343819840207,a
23653,116.36483761738623,39.84243828451123,1343819861464,a
23651,116.36467761616433,39.83871988591671,1343819900351,a
7149,116.36454927991068,39.833435375245706,1343819955595,a
23649,116.36440641502455,39.833437051626376,1343819956741,a
23642,116.36361516334746,39.83014333613537,1343819958000,o
51702,116.36042761863234,39.83006175227601,1343820022817,a
51700,116.35897196141568,39.82987474269885,1343820052811,a
51699,116.35698917561,39.82984065629186,1343820093117,a
51701,116.35609175315705,39.83001276470749,1343820111915,a
17622,116.3537433301004,39.83000866688808,1343820159642,a
17658,116.35202932399577,39.830008480623555,1343820194476,a
4127,116.3511767912919,39.83000065751375,1343820211803,a
4130,116.34641028224848,39.829982031061846,1343820392310,a
4129,116.34006592646388,39.83216821772236,1343820466057,a
23853,116.34007058307687,39.83236249161577,1343820471198,a
17680,116.34005884841216,39.833633933223055,1343820504846,a
4128,116.34008008256734,39.835759583914864,1343820561101,a
28662,116.33985377117665,39.83619339397982,1343820573468,a
25815,116.33986699595751,39.83964729695724,1343820664873,a
25816,116.34008082762541,39.8403446713167,1343820683833,a
4133,116.3400612698509,39.84110314043842,1343820685000,o
28668,116.34005512312177,39.84148461017351,1343820689242,a
4132,116.34005810335408,39.84291214144778,1343820705115,a
10212,116.34009703263857,39.8442541773078,1343820726349,a
10209,116.3401724697688,39.844949130228514,1343820727794,a
4240,116.3402944730288,39.845666248627,1343820735835,a
4131,116.34276657572612,39.848694723442826,1343820776488,a
4216,116.34247935583768,39.84951465985584,1343820785929,a
4219,116.34213327636122,39.84964746645795,1343820789231,a
4217,116.33862312149904,39.84913821926277,1343820819729,a
4220,116.33802279095403,39.84854478050496,1343820828084,a
4221,116.33758097151475,39.84825793314557,1343820858352,a
14652,116.33412203939533,39.847814996119176,1343820863338,a
4222,116.33209604022122,39.8478151823837,1343820880633,a
1653,116.33144504572701,39.84766877847169,1343820886424,a
25823,116.32782462226953,39.84767827796217,1343820917331,a
1654,116.32681562736964,39.84768312083967,1343820925944,a
1655,116.32473728786567,39.847685728542935,1343820950363,a
1656,116.32299832231547,39.847844425913195,1343821015717,a
28678,116.31616893372318,39.8509429361882,1343821047765,a
1657,116.31290595187782,39.854501147296304,1343821049000,o
22113,116.3127526561786,39.85488652858629,1343821170959,a
28109,116.31122267941883,39.856596995665065,1343821181000,o
8448,116.31114891866928,39.85669720597633,1343821186195,a
22116,116.31036195107613,39.85680263169414,1343821213879,a
26655,116.30979086406062,39.856800210255386,1343821233670,a
8437,116.30933134949203,39.85674898751264,1343821250026,a
33890,116.30812174770509,39.856744330899666,1343821291945,a
7480,116.3040943362734,39.85670987196363,1343821292000,o
26653,116.30380525373977,39.85670931317007,1343821296022,a
26652,116.30330792747381,39.856708568112,1343821302941,a
8442,116.30299984595925,39.856707823053924,1343821307227,a
8443,116.30243360182122,39.856703352705466,1343821376562,a
8432,116.29423274757488,39.85661673970409,1343821429219,a
26654,116.2942299536071,39.85671285219594,1343821430961,a
26651,116.28964877776016,39.85641017235242,1343821494936,a
26649,116.28800685602442,39.856301580137796,1343821517865,a
26648,116.28790012645499,39.85629394329251,1343821519356,a
7481,116.28795134919773,39.85620844787825,1343821521061,a
8423,116.28784722733157,39.85419977130442,1343821560018,a
52390,116.28782655196994,39.853634272224475,1343821561000,o
33889,116.28813277083933,39.84990637413948,1343821654907,a
8384,116.28811339932933,39.8491521891017,1343821655000,o
22085,116.28798487681117,39.84911698510759,1343821748707,a
17693,116.28042011589751,39.846625324635774,1343821780569,a
22500,116.2784848275442,39.84591696066969,1343821812599,a
22499,116.27819239224924,39.84581414265515,1343821817404,a
8394,116.27718116217511,39.84547476870138,1343821833892,a
17621,116.27693883203578,39.84539858651307,1343821837804,a
17623,116.27666297428301,39.84529651355661,1343821842379,a
8385,116.27574394514585,39.845005754642315,1343821857229,a
17671,116.27556028833003,39.845024194829705,1343821897844,a
8386,116.26615542023231,39.845135022218564,1343821898000,o
8387,116.26558936235881,39.845301915227665,1343821247092,a
19809,116.26326440863157,39.84586424781079,1343819049502,a
26664,116.25680922545811,39.84769876705927,1343814300846,a
26665,116.25401358129115,39.848582592202334,1343813908292,a
8352,116.24533570361143,39.8502491008546,1343808318574,a
18540,116.24211612139902,39.85100011939556,1343802377114,a
8390,116.23314208313396,39.85461216094968,1343799991874,a
8388,116.23338441327328,39.85472242954498,1343799818335,a
16754,116.23355261013401,39.854853373501896,1343799164670,a
22502,116.23330245688489,39.85573682611592,1343798889219,a
22503,116.23323279395474,39.85585789805333,1343798783007,a
22504,116.23284350110985,39.85628034598262,1343798367749,a
22505,116.23275372161166,39.85637329197764,1343798274896,a
16749,116.23286138250369,39.85711928137658,1343797666511,a
16766,116.23290962501413,39.85718764045509,1343796740975,a
32778,116.2330781944039,39.85636174357746,1343796506315,a
32777,116.23266263826183,39.85586255466631,1343796030910,a
2516,116.2321666158475,39.85526669446975,1343795463445,a
32813,116.23212321621455,39.85510967348016,1343795334636,a
32812,116.23197364580572,39.85456913384577,1343794891181,a
28463,116.2317674509831,39.85382333071135,1343794279353,a
28459,116.23167823027845,39.85350072056429,1343794014692,a
24729,116.23147855471399,39.85277875928831,1343793422408,a
9059,116.23162738006474,39.85234494922336,1343793062410,a
18530,116.23143701772624,39.851701964103476,1343789678633,a
927,116.22516958918801,39.84771888362733,1343787428640,a
675,116.22302847854111,39.84653517260853,1343785803040,a
18532,116.22255052378515,39.84626825555269,1343785438900,a
676,116.21986403062635,39.844766218470774,1343783391279,a
674,116.21745525786554,39.84384029754639,1343781725798,a
33076,116.21692254134095,39.84372835257042,1343781725000,o
673,116.20636097057971,39.84147119912814,1343781728195,a
677,116.20599943114816,39.84128567966712,1343781741015,a
33069,116.20468663881763,39.83900226292764,1343781924337,a
33068,116.20172428790609,39.81290492742296,1343781925403,a
10604,116.2012042373688,39.81247335253224,1343781929195,a
16637,116.20031966716766,39.81179311450853,1343781942361,a
680,116.1992251768535,39.81086495840993,1343781943472,a
33057,116.19868854877402,39.8102791564974,1343781948091,a
16678,116.19832514669727,39.8098390134388,1343781951452,a
679,116.19753631645895,39.80857874770266,1343781960473,a
33054,116.19728616320981,39.8080033766032,1343781971381,a
678,116.19693542712038,39.80686604544966,1343781971929,a
16633,116.19646455041612,39.80462155799467,1343782010351,a
683,116.19567348500357,39.80089421870323,1343782010949,a
682,116.19366592601685,39.79498572189329,1343782050354,a
16654,116.1936342610486,39.79490730453075,1343782050883,a
33052,116.19286107702987,39.79315287902548,1343782062828,a
681,116.19269176258203,39.79276395870963,1343782065472,a
33026,116.19144248645252,39.78989827908348,1343782084962,a
33024,116.19141231160043,39.78982787109527,1343782085440,a
33022,116.1759996677041,39.782622414438926,1343782089000,o
33021,116.17539635692678,39.78251009693392,1343782243092,a
33018,116.16622916235542,39.77981298669755,1343784689311,a
33017,116.16610660030186,39.77975617601923,1343784724842,a
10615,116.15997235089479,39.77609402930947,1343786658433,a
33008,116.15927348641918,39.77563824003126,1343788645990,a
33007,116.15125964175,39.77353345096559,1343789067944,a
19024,116.15070699492188,39.77348371833899,1343789208778,a
33004,116.15089493582163,39.77336171507899,1343789667663,a
33002,116.15298482372577,39.77324436843196,1343789790672,a
32994,116.15516244221841,39.77173953738227,1343790622957,a
32989,116.15463829386171,39.770711357236905,1343790980251,a
32987,116.15185829591434,39.76741838680398,1343792248268,a
665,116.15147738497281,39.76698867455845,1343792416229,a
32985,116.14975983984232,39.765136832709686,1343793880177,a
666,116.1479055765548,39.76325258083461,1343793914052,a
32983,116.14488417979071,39.760465318571,1343795086007,a
667,116.14470927740729,39.76029898435546,1343795155093,a
32979,116.14388002776832,39.759571621408426,1343796391847,a
32976,116.13838969480372,39.75527095992724,1343797414334,a
16647,116.13580993121438,39.753460655066235,1343798281732,a
16635,116.13562981342442,39.75333138748999,1343798342922,a
32969,116.1323750272179,39.75111819247421,1343799422019,a
33050,116.13010725669803,39.749568657939925,1343800175497,a
33049,116.13002716295482,39.74951408243583,1343800202074,a
33046,116.12729112343396,39.74764454545776,1343801111158,a
33045,116.1272037653745,39.747584940811656,1343801140164,a
33042,116.12626815869514,39.74694549471763,1343801451065,a
33041,116.1261878786874,39.746890546684504,1343801477759,a
33038,116.11594873180871,39.739878060069934,1343804883450,a
33036,116.11585913857503,39.7398113773721,1343804914420,a
33034,116.11050682761908,39.73519443873751,1343806915343,a
33032,116.11027548708637,39.73493664864309,1343807016518,a
16649,116.10691937298148,39.73008836947579,1343808793314,a
32922,116.10606888918733,39.728796625035926,1343809261016,a
32921,116.10598693279893,39.72868374873736,1343809302775,a
32920,116.10539796438958,39.72761235522358,1343809679913,a
32919,116.10528322544582,39.727308557792945,1343809782099,a
11958,116.10092612581535,39.72033108890797,1343812375511,a
16645,116.10011363998309,39.720164568427904,1343812823287,a
38969,116.09789504329626,39.71971250444008,1343813882609,a
38968,116.0938590636967,39.71926155803937,1343814169024,a
9774,116.09372998238497,39.719252617342455,1343814201223,a
11954,116.09253062514657,39.719169543366945,1343815107449,a
32882,116.0893445705476,39.71872865525027,1343816148362,a
9775,116.0839410368489,39.717007757358424,1343816763152,a
16701,116.08342303522132,39.71692803614426,1343818079300,a
18185,116.07558725943238,39.716039368123695,1343818864114,a
38967,116.07476061749668,39.71590302249572,1343822097303,a
38966,116.06138738381983,39.71383418248223,1343822463687,a
18191,116.05638897545015,39.71304945006332,1343823731475,a
9776,116.05489699665227,39.71275328947797,1343824114354,a
32860,116.05271863310155,39.71224515986991,1343825624213,a
9777,116.04750061886386,39.71150401334846,1343826013825,a
9778,116.04701968387559,39.7115814993884,1343826025000,o
32855,116.03543626596263,39.709841975044654,1343826036446,a
32853,116.03410931752866,39.7093466976884,1343826050954,a
32852,116.03349687978991,39.70911405330406,1343826057673,a
32850,116.0329365961165,39.708901152958745,1343826063820,a
51140,116.03157612006909,39.7083844551828,1343826081806,a
50993,116.02898965095706,39.70738067568944,1343826107243,a
32848,116.02803318265154,39.70704279185182,1343826117596,a
32847,116.02714041681156,39.70670826077554,1343826127365,a
51128,116.02578049955771,39.706207395483716,1343826153299,a
32845,116.02445187474306,39.706027277693764,1343826155548,a
32844,116.02369415067943,39.706010700151566,1343826163005,a
32841,116.02020392612079,39.70590695081443,1343826197367,a
32840,116.0182211403151,39.70586448250408,1343826216880,a
50603,116.01811310689403,39.705863364916965,1343826217942,a
51127,116.01698304005674,39.705851816516784,1343826266073,a
11947,116.008953921697,39.7037079119021,1343826313543,a
50611,116.00195708130204,39.70128516930234,1343826389030,a
9779,116.00131521376927,39.70106276946655,1343826395955,a
9780,116.0001825392287,39.700683162376656,1343826489756,a
38965,115.99162238072505,39.69848579984499,1343826496918,a
32826,115.99021738745758,39.69805571507042,1343826501000,o
43017,115.98949859267843,39.697821953098966,1343826589328,a
43015,115.98885635261662,39.697612964308554,1343826668256,a
50646,115.98829923544002,39.697431728931484,1343826736721,a
50645,115.9858807769242,39.6966326541446,1343827034661,a
50638,115.98448360676655,39.695935652314176,1343827223905,a
32824,115.98349174820241,39.69511795107539,1343827388807,a
38972,115.98130910056776,39.692849249232914,1343827804057,a
38963,115.97950736387463,39.69081952476843,1343828166068,a
32823,115.97911788476522,39.69026017241762,1343828259421,a
32821,115.97749011913292,39.6880369191178,1343828634850,a
9781,115.97658729500891,39.68684519872468,1343828837782,a
38970,115.97589010691397,39.68595038397499,1343828838000,o
52004,115.97316785096753,39.68366063424186,1343828846514,a
52005,115.9733891332162,39.683439910786745,1343828858944,a
9771,115.97362606168447,39.68357234485982,1343828868992,a
9770,115.97671265103025,39.68681614145971,1343829050015,a
38960,115.97712019779802,39.687216423911224,1343829162424,a
38961,115.97839014928915,39.689469293269575,1343829184609,a
9781,115.97658729500891,39.68684519872468,1343829317191,a
38970,115.97589010691397,39.68595038397499,1343829494622,a
52004,115.97316785096753,39.68366063424186,1343829503136,a
9773,115.94133841115247,39.67890045819209,1343829504000,o
9772,115.95093699435004,39.67656637750342,1343835254653,a
52007,115.95171874653664,39.67647846065041,1343843193200,a
52005,115.9733891332162,39.683439910786745,1343849773415,a
9771,115.97362606168447,39.68357234485982,1343849940551,a
9770,115.97671265103025,39.68681614145971,1343852951582,a
32820,115.97756909528901,39.68797284412323,1343853938955,a
32822,115.97842349063806,39.68911632200591,1343855833328,a
7963,115.98354762755814,39.69506318930678,1343855836000,o
43014,115.98396057599695,39.695448943125804,1343855944982,a
43016,115.98953882581455,39.69774595717518,1343855956978,a
32825,115.99031424500751,39.69798679719836,1343855957000,o
50981,115.99084882417728,39.69810079108404,1343856078915,a
9769,116.00136587771846,39.70095287340029,1343856079000,o
11948,116.00184681270675,39.70111324715123,1343856130352,a
9768,116.0182211403151,39.70574601826994,1343856190672,a
32839,116.02019796565618,39.70576874254127,1343856202849,a
32842,116.02256222119694,39.70578904537385,1343856224480,a
32843,116.02413857782197,39.70581009326451,1343856229235,a
51129,116.02470873351488,39.705862247329854,1343856230660,a
50986,116.02684053093584,39.70641731559673,1343856244589,a
32846,116.02721808911602,39.70655161231499,1343856247150,a
9767,116.02814512762751,39.706901789610875,1343856253510,a
51139,116.02902094339626,39.707231850338694,1343856260085,a
32851,116.03402587102411,39.709019430928365,1343856293508,a
32854,116.03563966681747,39.70954655951738,1343856304306,a
32857,116.03883466211337,39.71065986254796,1343856333528,a
9766,116.04748981552176,39.71142391960525,1343856381472,a
9765,116.04908628871485,39.71138499032077,1343856391363,a
32863,116.04952326527662,39.711442546057164,1343856422488,a
18192,116.05642231679907,39.71294700457782,1343856438267,a
18200,116.05697757133046,39.71304758741813,1343856442000,o
32879,116.07027145632217,39.71511158455413,1343856442852,a
18198,116.07560216059392,39.71592835447032,1343856483299,a
3246,116.08079335274086,39.71661362163604,1343856522521,a
3247,116.08244775419938,39.7167313408121,1343856546273,a
3248,116.08445307801186,39.71702247225544,1343856564975,a
11955,116.0869741682777,39.71783886964259,1343856565000,o
9782,116.0925445949855,39.71907398966865,1343856572280,a
40464,116.09375028521754,39.719152779560225,1343856590833,a
32894,116.10206438829148,39.72014277547917,1343856601426,a
32889,116.10343231491966,39.719247401935924,1343856606807,a
32886,116.1044681319103,39.71914346633427,1343856610030,a
32893,116.10467395420389,39.71919897316096,1343856614849,a
32898,116.10565612701303,39.720860080142174,1343856618088,a
32903,116.10581314800262,39.72164928290954,1343856622892,a
32904,116.10599084435383,39.722123512375134,1343856623638,a
32901,116.10493956740811,39.7215552193274,1343856627164,a
32900,116.10371618204674,39.7210213852157,1343856631379,a
32899,116.10353103511477,39.720955447575946,1343856631989,a
32895,116.1015121139924,39.72044526905817,1343856638376,a
11958,116.10092612581535,39.72033108890797,1343856640185,a
16645,116.10011363998309,39.720164568427904,1343856645579,a
38969,116.09789504329626,39.71971250444008,1343856658341,a
38968,116.0938590636967,39.71926155803937,1343856661791,a
9774,116.09372998238497,39.719252617342455,1343856662178,a
11954,116.09253062514657,39.719169543366945,1343856673096,a
32882,116.0893445705476,39.71872865525027,1343856685637,a
9775,116.0839410368489,39.717007757358424,1343856693044,a
16701,116.08342303522132,39.71692803614426,1343856708901,a
18185,116.07558725943238,39.716039368123695,1343856718356,a
18198,116.07560216059392,39.71592835447032,1343856718790,a
3246,116.08079335274086,39.71661362163604,1343856734568,a
3247,116.08244775419938,39.7167313408121,1343856744123,a
3248,116.08445307801186,39.71702247225544,1343856751647,a
11955,116.0869741682777,39.71783886964259,1343856764092,a
9782,116.0925445949855,39.71907398966865,1343856771372,a
40464,116.09375028521754,39.719152779560225,1343856789925,a
32894,116.10206438829148,39.72014277547917,1343856800518,a
32889,116.10343231491966,39.719247401935924,1343856805899,a
32886,116.1044681319103,39.71914346633427,1343856809122,a
32893,116.10467395420389,39.71919897316096,1343856813941,a
32897,116.10541789469312,39.72028564036531,1343856817050,a
32905,116.10489039357506,39.72100331755735,1343856823128,a
32909,116.10465309257775,39.722767801346656,1343856827776,a
16679,116.10647308319375,39.72866251458218,1343856848842,a
16665,116.10652486473005,39.72878246893247,1343856849333,a
33031,116.1071646833531,39.73003826432016,1343856875767,a
33033,116.11073816815178,39.73509646360047,1343856877018,a
33035,116.11130776505115,39.73564277743495,1343856901425,a
33037,116.11627171448481,39.73983037635305,1343856901829,a
33039,116.11917185304698,39.74182694573314,1343856942270,a
33040,116.12644902154317,39.74680095345082,1343856942614,a
33043,116.12733396427335,39.74740575434429,1343856946156,a
33044,116.12741759704242,39.74746293755165,1343856946490,a
33047,116.130209515919,39.749371217549694,1343856957667,a
33048,116.13029221736548,39.749427841963495,1343856957998,a
16644,116.13087224507791,39.74982421286011,1343856960320,a
16659,116.13572443580011,39.75313506468687,1343856979731,a
16672,116.1359166607838,39.753267498759946,1343856980503,a
32975,116.13797898153913,39.75468050140174,1343856988768,a
5575,116.14472455109785,39.76000487267982,1343857017702,a
32982,116.1448938655457,39.76016189366941,1343857018495,a
5576,116.14792606565192,39.76295139110725,1343857032642,a
32984,116.1480089533629,39.76303968048929,1343857033065,a
5577,116.15159622173599,39.76677074507111,1343857051123,a
32986,116.15197582882588,39.767208839220004,1343857053171,a
32988,116.15490409333044,39.77060257875776,1343857069019,a
33003,116.15660487465422,39.77256729690509,1343857081470,a
33014,116.15788078660997,39.77391398937808,1343857093488,a
33015,116.16015954673647,39.77592974400363,1343857118942,a
33016,116.16657691821256,39.779733451747894,1343857119404,a
33019,116.16754623876987,39.78014584139316,1343857147118,a
33020,116.17576273923582,39.78236983975105,1343857148842,a
33023,116.18364768885779,39.78384505474221,1343857208312,a
33025,116.19170158039857,39.789837370585744,1343857208594,a
5578,116.19283015711972,39.79247878773091,1343857219413,a
33051,116.19300841226448,39.792863051433784,1343857221000,a
16676,116.1938821791235,39.79483559269091,1343857229109,a
5579,116.19390974627234,39.79490637320816,1343857229396,a
5580,116.19442812042895,39.796179677460636,1343857253323,a
16656,116.19595735213065,39.80095717611068,1343857253741,a
5581,116.19719731503422,39.806841086004106,1343857276940,a
33053,116.1972196667765,39.80693645343788,1343857277317,a
33055,116.1973727762112,39.807463209497854,1343857287000,a
10599,116.19874088910387,39.80997312389254,1343857290041,a
5582,116.19947924165754,39.8107846784022,1343857293895,a
33061,116.1996027350337,39.81090463275249,1343857294490,a
10602,116.20153504315469,39.81258939532763,1343857303229,a
33066,116.20174012039021,39.81276169000778,1343857304137,a
33067,116.20189267103135,39.81288983999691,1343857304812,a
10607,116.20539369893208,39.81585330849558,1343857320401,a
33071,116.20576492411863,39.81628600097342,1343857410539,a
5583,116.20536985707365,39.83938187001754,1343857414112,a
33073,116.20573884708595,39.83972645937785,1343857421689,a
5584,116.20697862372499,39.84161276016264,1343857424347,a
5585,116.20747185217154,39.841821935217574,1343857456927,a
5586,116.21797307322859,39.84388202079867,1343857465178,a
22501,116.2221118708427,39.845888275933746,1343857473131,a
9786,116.22312626741363,39.846448187078124,1343857476864,a
18531,116.22685956716968,39.84848349947818,1343857495543,a
33092,116.22896305238373,39.84951167962354,1343857497996,a
9057,116.22928491747271,39.84967317096159,1343857499144,a
9058,116.23022629835218,39.85014423393036,1343857506840,a
2536,116.23168195556883,39.85134824778173,1343857508930,a
28454,116.23183711391323,39.85167029913523,1343857533000,o
28455,116.23223851395187,39.85295831828471,1343857550438,a
28456,116.2323687128507,39.853398833872355,1343857552964,a
28460,116.232454580794,39.85370747418048,1343857560298,a
2537,116.2325706235894,39.85407571913471,1343857569102,a
8390,116.23278948439932,39.85439832928177,1343857585571,a
18540,116.2337446488532,39.85429159971233,1343857654646,a
8352,116.24533570361143,39.8502491008546,1343857655000,o
26663,116.24512056809188,39.84944313428051,1343857660000,o
8351,116.24544392329702,39.84674416139895,1343857678522,a
8350,116.24746135430324,39.841340068906696,1343857869902,a
26659,116.24682116315114,39.8396800795126,1343857928616,a
26666,116.24667718067789,39.83939677117907,1343858074634,a
18299,116.24628714277492,39.83561560144161,1343858078734,a
18306,116.2463484238017,39.83549378444613,1343865535000,o
